trans_x	trans_y	trans_z	rot_x	rot_y	rot_z	dvars_std	dvars_nstd	dvars_vstd	framewise_displacement	aqi	aor
0.0	-0.0	0.0	-0.0	0.0	-0.0	n/a	n/a	n/a	n/a	0.0149209	0.00095
0.0036	0.0276	0.011	-9.250245035569947e-05	-1.0471975511965975e-05	8.203047484373349e-05	0.93836582	38.2526474	0.94122371	0.05145024503556996	0.0143876	0.00097
0.0009	-0.0289	-0.001	7.853981633974481e-05	-0.00010821041362364843	2.268928027592628e-05	0.96875197	39.49134445	0.95570555	0.0876060949687467	0.0154864	0.00078
0.0053	0.0286	0.0251	-0.00011344640137963142	-9.075712110370512e-05	0.00011519173063162575	0.98602003	40.19527817	0.9627883	0.10309709802975094	0.013578	0.00049
0.0054	-0.0174	0.0054	-2.6179938779914945e-05	-9.599310885968811e-05	4.18879020478639e-05	0.95971245	39.1228447	0.95733677	0.07409031394697306	0.0143776	0.00038
0.0061	0.039	0.0344	-0.00029496064358704166	2.4434609527920616e-05	8.901179185171081e-05	0.97139722	39.59917831	0.95761876	0.10791661564992912	0.0124983	0.00027
0.0041	-0.0135	0.0037	-0.0001937315469713706	0.00011344640137963142	-5.759586531581287e-05	0.94581217	38.55619812	0.94208506	0.10204242728174528	0.0137376	0.00032
0.008	0.0249	0.031	-0.00028099800957108706	3.665191429188092e-05	0.00010821041362364843	0.98597521	40.19345093	0.95549118	0.08609336143134641	0.012615	0.00032
0.0058	-0.0156	0.0028	-6.283185307179586e-05	-5.4105206811824215e-05	2.268928027592628e-05	0.9936024	40.50437546	0.9702234	0.09062222054753591	0.0146962	0.00073
0.0065	0.0296	0.0288	-0.00033335788713091696	-1.3962634015954635e-05	0.0001012290966156711	0.9950102	40.56176376	0.96740029	0.0913604211597368	0.0136442	0.00046
0.0031	-0.0147	0.0138	-6.283185307179586e-05	-7.67944870877505e-05	2.094395102393195e-05	0.95968395	39.12168503	0.94676016	0.08338215163613281	0.0148882	0.00045
0.0051	0.019	0.0311	-0.00035604716740684323	-1.3962634015954635e-05	8.203047484373349e-05	0.93086863	37.94702148	0.93716177	0.07385668456133225	0.0132026	0.0003
0.0059	-0.0112	0.0074	-0.0001256637061435917	-0.00021118483949131387	8.203047484373349e-05	0.93485844	38.10966873	0.93787475	0.07608028333693052	0.0140269	0.0003
0.0084	0.0154	0.0248	-0.0004485496177625427	-3.839724354387525e-05	0.00016406094968746698	0.93564534	38.14174652	0.93607022	0.07538519912050616	0.0124279	0.00025
0.0077	-0.0131	0.0071	-0.00017278759594743863	-6.283185307179586e-05	0.00011344640137963142	0.94392508	38.47927094	0.94484037	0.06444055898254301	0.0139399	0.00028
0.0081	0.0161	0.0208	-0.00041713369122664475	1.9198621771937625e-05	0.0001937315469713706	0.95876318	39.08414841	0.94868362	0.06363308578573393	0.0124102	0.00023
0.0068	-0.0065	0.0118	-0.0001972222054753592	7.330382858376184e-05	0.00014486232791552936	0.94970977	38.71508408	0.93603523	0.04904429558094754	0.0135369	0.00022
0.0056	0.012	0.0198	-0.0003595378259108319	9.773843811168246e-05	0.00010995574287564276	0.95763999	39.0383606	0.94004221	0.038782840750164	0.0129842	0.00021
0.0078	0.0099	0.0173	-0.00024260076602721178	0.0001308996938995747	0.0001291543646475804	0.94622481	38.57302094	0.93852538	0.015264846872172501	0.0132	0.00031
0.0081	0.0089	0.0274	-0.00037524578917878077	0.00013962634015954637	0.00016929693744344995	0.95005131	38.72900772	0.94131861	0.02047571211037051	0.012467	0.00019
0.0091	0.0087	0.0224	-0.0003316125578789226	0.00022165681500327985	0.00020594885173533088	0.93365479	38.06060028	0.93243689	0.014315781021773631	0.0129774	0.0002
0.0068	-0.0085	0.019	-0.000450294947014537	0.0002530727415391778	0.0001239183768915974	0.95372087	38.87859726	0.9412752	0.034506439525762295	0.0123113	0.00012
0.0089	0.009	0.0223	-0.00047822021504644627	0.00027750735106709843	0.00020943951023931956	0.97652268	39.80811691	0.95313693	0.029794050545377607	0.0119997	0.00017
0.0075	-0.0272	0.016	-0.00039793506945470715	0.00027925268031909274	0.000153588974175501	0.98011547	39.9545784	0.9557966	0.0507940505453776	0.0123901	0.00013
0.0107	0.0147	0.0327	-0.0005846852994181004	0.0002600540585471551	0.0002251474735072685	0.99706775	40.64564133	0.95948469	0.07567536755335491	0.0119373	0.00016
0.0093	-0.0277	0.0091	-0.0004468042885105483	0.0002129301687433082	7.504915783575618e-05	1.00276232	40.87778091	0.96343291	0.08415516081914556	0.0132182	0.00021
0.0113	0.0363	0.0393	-0.0007819075048934597	0.00026878070480712676	0.00022689280275926284	1.02749205	41.88589478	0.98434277	0.12333986986851184	0.0112391	0.00016
0.0122	-0.0359	0.0303	-0.0005148721293383271	0.00029496064358704166	0.00015009831567151235	0.99109304	40.40208054	0.96585423	0.1006004900711399	0.0119646	0.00011
0.0132	0.0023	0.0375	-0.0006754424205218055	0.0003874630939427412	0.0001832595714594046	0.96414077	39.30336761	0.94767982	0.060711699866353504	0.0110815	0.00014
0.0119	-0.0124	0.0262	-0.0004991641660703782	0.00037350045992678646	0.00023561944901923448	0.98557568	40.17716599	0.95738162	0.03943003830136058	0.0119612	0.00014
0.0098	-0.0124	0.0319	-0.000609119908946021	0.0004188790204786391	0.00021467549799530252	0.97660089	39.811306	0.94956023	0.016613912722571365	0.0116668	0.00012
0.0097	-0.0104	0.0288	-0.0004537856055185257	0.0003385938748868999	0.00024609142453120044	0.97600651	39.78707504	0.94608631	0.018551768777756616	0.0122566	0.00024
0.0097	-0.0284	0.0302	-0.00042411500823462205	0.0003106686068549907	0.00022863813201125715	0.96736264	39.43470764	0.94002388	0.023152457891787808	0.0124145	0.00011
0.0115	0.0129	0.0403	-0.0005689773361501514	0.0003961897402027128	0.0002583087292951608	0.96825433	39.47105789	0.94882739	0.06620270292735776	0.0116073	0.00013
0.0078	-0.0352	0.0176	-0.00046949356878647465	0.0003647738136668148	9.948376736367679e-05	0.96810287	39.4648819	0.95116858	0.08898623279155295	0.0126929	0.00014
0.0119	0.0167	0.0326	-0.0007295476273336296	0.00041189770347066176	0.00024085543677521747	1.00069058	40.79332733	0.96306736	0.09342748088812712	0.0111944	0.00014
0.0098	-0.0433	0.0164	-0.0004049163864626844	0.0002740166925631097	0.000158824961931484	0.99532402	40.57455826	0.96517267	0.10552713633111152	0.0129703	0.0002
0.0095	0.0067	0.0299	-0.0006161012259539982	0.00038397243543875244	0.00019198621771937622	0.99917209	40.73142624	0.95964165	0.08151509190774243	0.0119248	0.00012
0.008	-0.0252	0.0211	-0.00042760566673861073	0.00032463124087094524	0.00017278759594743863	0.99371076	40.50879288	0.95853078	0.05555176877775662	0.0128396	0.00017
0.0086	-0.0118	0.0331	-0.0005602506898901797	0.00035604716740684323	0.0001972222054753592	0.97816783	39.87518311	0.9523889	0.03542477796076938	0.01185	0.00011
0.0119	-0.0105	0.0277	-0.0005009094953223725	0.0004258603374866164	0.00021118483949131387	0.95540935	38.94742966	0.93638113	0.01715584993317675	0.0120226	0.0001
0.0122	-0.0281	0.0278	-0.00041189770347066176	0.0003630284844148205	0.00017976891295541595	0.9527514	38.839077	0.93723211	0.027162978572970228	0.0120829	0.00015
0.0144	0.0092	0.0357	-0.00047123889803846896	0.0003769911184307752	0.00024085543677521747	0.9705357	39.5640564	0.95420453	0.05411951762017818	0.0117465	0.00017
0.0123	-0.0292	0.0287	-0.0003438298626428829	0.0003577924966588376	0.0002129301687433082	0.9545961	38.91427612	0.94602763	0.05622664625997164	0.0120926	0.00014
0.0133	0.0107	0.0401	-0.0005026548245743669	0.0003700098014227979	0.0002722713633111154	0.97667211	39.81420898	0.95215889	0.06381917306316257	0.0116315	0.00016
0.0119	-0.0348	0.0273	-0.0002583087292951608	0.00031415926535897925	0.00021642082724729686	0.9959408	40.59970093	0.95862711	0.07750235837034214	0.0129255	0.00018
0.0132	0.0287	0.0467	-0.0006492624817418905	0.0003892084231947355	0.0002530727415391778	1.01212597	41.25949097	0.97266596	0.10933274122871832	0.0110666	0.0001
0.0125	-0.0345	0.0271	-0.00038397243543875244	0.00030368728984701333	0.0001972222054753592	1.00407076	40.93111801	0.96450851	0.10383308578573396	0.0127472	0.00017
0.0145	0.0023	0.0345	-0.0006283185307179585	0.0004310963252425994	0.0002181661564992912	0.97188467	39.61904907	0.94608638	0.06583495408493621	0.0114619	0.00011
0.0131	-0.0213	0.022	-0.00037350045992678646	0.0003316125578789226	9.773843811168246e-05	0.94759697	38.62895584	0.94013431	0.06123647782712289	0.0125605	0.00015
0.0136	0.0121	0.0436	-0.0006370451769779302	0.0003944444109507184	0.00015009831567151235	0.95405948	38.89240265	0.94563406	0.07443682238413847	0.0109284	0.0001
0.011	-0.023	0.0363	-0.00045553093477052	0.0003193952531149623	6.806784082777885e-05	0.95802122	39.05390167	0.94952505	0.06192969374434498	0.012219	0.00012
0.0127	-0.0122	0.0384	-0.0006387905062299246	0.00033335788713091696	9.948376736367679e-05	0.9553588	38.94536972	0.94137286	0.026031906600562857	0.0115072	0.00014
0.0148	-0.0045	0.0363	-0.0005462880558742252	0.0003473205211468716	0.0001605702911834783	0.9566344	38.99736786	0.94367928	0.02027758040957278	0.0113845	0.00012
0.0126	-0.038	0.035	-0.00047647488579445195	0.00033684854563490564	7.155849933176751e-05	0.97137946	39.59845352	0.95299092	0.0454648468721725	0.0120423	0.00018
0.0135	0.0045	0.042	-0.0005288347633542819	0.00035081117965086024	0.00015533430342749534	0.98551321	40.17461777	0.95779627	0.057904915783575615	0.0114757	0.00011
0.0086	-0.0315	0.0297	-0.0004136430327226561	0.0003159045946109737	5.93411945678072e-05	0.96131688	39.1882515	0.94466683	0.06550457122656002	0.012109	0.00011
0.0138	0.016	0.0466	-0.0005654866776461627	0.00034208453339088857	0.00017278759594743863	0.96260375	39.24071121	0.9475593	0.08417349925415264	0.0110875	0.0001
0.0132	-0.0441	0.0324	-0.00027750735106709843	0.0002722713633111154	0.00010821041362364843	0.98609793	40.19845581	0.96318032	0.09601848394913139	0.0127027	0.00019
0.0152	0.018	0.0487	-0.0004956735075663896	0.0003385938748868999	0.00016929693744344995	0.9878673	40.27058411	0.96224418	0.09767875959474387	0.0114109	8e-05
0.0138	-0.0364	0.0369	-0.00023387411976724014	0.00032812189937493397	0.00011693705988362007	0.97830588	39.88080978	0.95411826	0.08383156204354726	0.0126611	0.00014
0.0132	-0.0062	0.0548	-0.0005009094953223725	0.0003525565089028545	0.0001308996938995747	0.94864202	38.67155838	0.94138049	0.06397163095495037	0.0113075	0.0001
0.0118	-0.0206	0.0475	-0.0003089232776029963	0.000296705972839036	0.0001308996938995747	0.94812888	38.65063858	0.93808929	0.03549183768915974	0.011885	0.00011
0.0136	-0.0196	0.0439	-0.0003001966313430247	0.0002705260340591211	0.0001675516081914556	0.93784881	38.2315712	0.93243546	0.009977924966588371	0.0118922	0.00019
0.0154	0.0028	0.0553	-0.00047822021504644627	0.00028797932657906436	0.00021642082724729686	0.94817573	38.65254974	0.93784842	0.0478173047639603	0.0110947	0.00012
0.0135	-0.0499	0.0471	-0.00027576202181510406	0.0002373647782712288	0.00014137166941154068	0.96103483	39.176754	0.95135518	0.07920609496874668	0.0127376	0.00016
0.0161	0.0081	0.0595	-0.000614355896702004	0.0002617993877991494	0.00023561944901923448	0.97493869	39.74354553	0.95479015	0.09586381320112568	0.011025	0.00013
0.0136	-0.0531	0.0366	-0.0003106686068549907	0.0002565634000431664	0.0001361356816555577	0.95772558	39.04185104	0.95229123	0.10702035224833364	0.0130745	0.00017
0.0162	-0.0045	0.0596	-0.0006422811647339132	0.00034906585039886593	0.00018151424220741024	0.94943088	38.70371628	0.94906523	0.09767467843932372	0.0106099	6e-05
0.0147	-0.0458	0.0379	-0.00042411500823462205	0.000312413936106985	0.0001256637061435917	0.9185586	37.44520187	0.92574159	0.08003343034274953	0.011772	0.00012
0.0158	0.0038	0.0536	-0.0006684611035138282	0.0003351032163829112	0.00016929693744344995	0.95628083	38.98295593	0.9458595	0.08193343034274954	0.0106941	0.0001
0.0129	-0.0459	0.0333	-0.0003874630939427412	0.00027750735106709843	0.00011344640137963142	0.97669411	39.81510544	0.95528606	0.09262222054753592	0.0123005	0.00016
0.0136	0.0135	0.0531	-0.0006771877497737998	0.00033684854563490564	0.0002024581932313422	0.99373657	40.50984573	0.96071612	0.10180388211252885	0.0107037	0.00012
0.0113	-0.0333	0.037	-0.000322885911618951	0.00026354471705114377	0.0001658062789394613	0.9778294	39.86138535	0.94952297	0.08841287905152459	0.0123034	0.0001
0.0121	-0.0063	0.0517	-0.00042411500823462205	0.00024609142453120044	0.0001832595714594046	0.9538365	38.88331223	0.93788789	0.04930678408277789	0.0115741	0.00014
0.0127	-0.0197	0.0469	-0.0003647738136668148	0.0002530727415391778	0.00019896753472735358	0.94184029	38.39428329	0.94040731	0.022901523742186684	0.0118582	0.00012
0.0115	-0.0307	0.0522	-0.0005201081170943102	0.0003054326190990077	0.00017976891295541595	0.95045978	38.74565887	0.94170228	0.028844640137963153	0.0111578	0.00013
0.0133	-0.0212	0.0417	-0.00046949356878647465	0.0003193952531149623	0.0001937315469713706	0.94742262	38.62184906	0.93296623	0.02572699081698724	0.0114492	8e-05
0.0141	-0.0394	0.0451	-0.0004799655442984406	0.000291469985083053	0.0001675516081914556	0.95530307	38.94309616	0.94063478	0.025628859116189506	0.0114669	6e-05
0.0154	-0.0105	0.0496	-0.0005288347633542819	0.00032463124087094524	0.00020769418098732522	0.94367886	38.46923447	0.9422999	0.04080865238198015	0.0109519	0.00013
0.013	-0.0385	0.0448	-0.00042935099599060504	0.0003106686068549907	0.00016929693744344995	0.92830527	37.84252548	0.93291163	0.04279218224617533	0.0113658	8e-05
0.0139	-0.0008	0.0484	-0.0005427973973702365	0.00034208453339088857	0.0001972222054753592	0.9429962	38.44140625	0.93599116	0.05083937979737192	0.0113764	0.00011
0.0136	-0.0211	0.0422	-0.000466002910282486	0.00028797932657906436	0.00017453292519943296	0.95105588	38.7699585	0.93846109	0.03447944870877505	0.0114465	0.00013
0.0169	0.0183	0.0466	-0.0006544984694978735	0.0003647738136668148	0.00021467549799530252	0.96723723	39.42959595	0.95155382	0.06237163095495039	0.0110521	0.00014
0.0169	-0.0329	0.0222	-0.0005689773361501514	0.00020769418098732522	0.00019198621771937622	0.97218865	39.63143921	0.95300605	0.0888645023151569	0.0122041	0.00014
0.0171	0.0175	0.0433	-0.0006894050545377602	0.0003822271061867582	0.0002530727415391778	0.95365	38.87570953	0.94364577	0.08950235837034216	0.0111876	0.00017
0.0145	-0.0479	0.016	-0.00034208453339088857	0.0003892084231947355	0.0001308996938995747	0.99053419	40.37929916	0.96638704	0.1191237442897226	0.0133837	0.00023
0.0078	-0.0122	0.1093	-0.0002844886680750757	0.00018151424220741024	-8.726646259971648e-05	1.16337359	47.42512894	1.09306161	0.1598728101401214	0.0123215	0.00078
-0.0001	-0.0451	0.146	0.00023387411976724014	6.981317007977319e-05	-0.00029496064358704166	1.04204822	42.47927856	1.02259907	0.11938790204786388	0.0155829	0.00142
0.0057	-0.1311	0.1373	3.665191429188092e-05	0.00015707963267948963	-0.0002007128639793479	1.07721961	43.91304398	1.03226571	0.11943682238413844	0.0145807	0.00087
0.0102	-0.0675	0.1056	-0.00030368728984701333	0.00016231562043547262	-5.93411945678072e-05	0.99472994	40.55033875	0.97219973	0.12414734306532088	0.0117871	0.00018
0.0143	-0.0295	0.1135	-0.00048345620280242926	0.0002443460952792061	6.981317007977319e-05	0.95681471	39.00471878	0.94840982	0.0695476876223365	0.0113195	0.00019
0.0131	-0.0393	0.1117	-0.0003473205211468716	0.00019547687622336493	9.075712110370512e-05	0.93248093	38.01274872	0.93249666	0.023097442586766548	0.0110955	0.00016
0.0126	-0.0117	0.1143	-0.0005846852994181004	0.0002478367537831948	4.363323129985824e-05	0.93166429	37.97945786	0.94252973	0.04754242728174528	0.0107179	0.00015
0.0156	0.0247	0.1222	-0.0007452555906015787	0.00020943951023931956	9.948376736367679e-05	0.98985547	40.35163116	0.97462865	0.060040903539558606	0.0100343	0.00024
0.0131	-0.0332	0.0934	-0.0006230825429619757	0.00039095375244672985	2.4434609527920616e-05	1.05452883	42.98805237	0.99601552	0.10813682238413848	0.0111313	0.0004
0.0117	-0.0075	0.1159	-0.0007487462491055673	0.0003193952531149623	7.853981633974481e-05	1.10584986	45.08016205	1.01576138	0.062166370614359166	0.0113362	0.00143
0.0113	-0.0483	0.1147	-0.0005131268000863328	0.0003438298626428829	8.203047484373349e-05	1.13245463	46.164711	1.03760803	0.0555772358525572	0.0132129	0.00166
0.0137	-0.0304	0.1359	-0.0005183627878423159	0.00032637657012293966	0.00014311699866353502	1.05467975	42.99420547	0.99245263	0.04568879020478639	0.0135311	0.0017
0.0136	-0.06	0.1257	-0.0004520402762665313	0.0003054326190990077	0.00011170107212763708	0.9882887	40.28776169	0.95876819	0.0458341194567807	0.0145248	0.00267
0.0163	-0.0201	0.1441	-0.0008115781021773631	0.00035081117965086024	0.00019198621771937622	0.96805716	39.46302032	0.95113225	0.08526007660272115	0.0131736	0.00227
0.0158	-0.0605	0.1213	-0.0006510078109938849	0.0004415683007545654	0.00010995574287564276	0.95112634	38.77283096	0.95076483	0.08036789435654584	0.0137588	0.00179
0.018	-0.0237	0.1346	-0.0009773843811168245	0.0005131268000863328	0.00014486232791552936	0.98539221	40.16968536	0.9676317	0.07394208272472966	0.0109342	0.0007
0.0161	-0.0546	0.112	-0.0008011061266653974	0.0005078908123303499	4.71238898038469e-05	0.94968897	38.71423721	0.94026578	0.06936263401595462	0.0105256	0.00019
0.0176	-0.0144	0.1314	-0.0010332349171806431	0.0005288347633542819	8.028514559173915e-05	0.96125615	39.18577576	0.94559978	0.07541169986635347	0.00912553	0.00015
0.0173	-0.0466	0.1171	-0.000757472895365539	0.0005637413483941684	5.759586531581287e-05	0.96010637	39.13890457	0.94695867	0.06346789435654585	0.0101132	0.00012
0.0184	-0.0176	0.1292	-0.001048942880448592	0.0006771877497737998	0.00011519173063162575	0.96782213	39.45343781	0.94936137	0.06532561258892489	0.00894445	0.00014
0.0177	-0.0372	0.1228	-0.0009180431865490173	0.0006318091892219474	0.00011519173063162575	0.9492076	38.69461441	0.93666068	0.03551391272257135	0.00939608	8e-05
0.0186	-0.0274	0.1309	-0.001048942880448592	0.0005881759579220891	0.00014660765716752367	0.93997818	38.31837463	0.93211923	0.02909744258676652	0.00903374	7e-05
0.0225	-0.0147	0.1312	-0.0010838494654884787	0.0005864306286700947	0.0002530727415391778	0.97512788	39.75125885	0.94955025	0.024055849933176783	0.0088954	0.0001
0.0219	-0.0591	0.115	-0.000926769832808989	0.0006300638599699529	0.00018675022996339323	0.98735899	40.24986267	0.95545362	0.07455176877775663	0.00953603	0.00013
0.0234	-0.0139	0.1321	-0.0011466813185602744	0.0005724679946541401	0.00022863813201125715	0.99532664	40.57466507	0.95386794	0.0797697626557481	0.00878698	8e-05
0.0218	-0.0574	0.1169	-0.0008621926504851988	0.0006056292504420323	0.0001658062789394613	0.97957224	39.93243408	0.95102153	0.07932408884673817	0.0097068	9e-05
0.0228	-0.0022	0.1375	-0.001218239817892042	0.000661479786505851	0.0002303834612632515	0.98776001	40.26620865	0.95878571	0.10062374428972262	0.00818312	9e-05
0.0207	-0.053	0.1207	-0.0009616764178488756	0.0006003932626860494	0.0002007128639793479	0.96109146	39.17906189	0.9483445	0.08706602605734358	0.00932658	0.00017
0.0244	-0.0103	0.1348	-0.0013072516097437528	0.0006562437987498679	0.00024085543677521747	0.9694953	39.52164459	0.94866303	0.08257841503772825	0.00819671	0.00014
0.023	-0.044	0.1186	-0.0010314895879286487	0.0006230825429619757	0.00023911010752322313	0.97543901	39.76394272	0.95196835	0.06683343034274952	0.00951147	0.00015
0.021	-0.0354	0.1148	-0.0011065387457644049	0.000645771823237902	0.00018151424220741024	0.94634032	38.57772827	0.93814474	0.02216671517137476	0.00973552	0.00015
0.0216	-0.0066	0.1278	-0.001158898623324235	0.0007086036763096977	0.0002443460952792061	0.96304566	39.25872421	0.94137793	0.05130117918517108	0.00881016	0.00018
0.0202	-0.047	0.1085	-0.0010332349171806431	0.0006649704450098395	0.00018675022996339323	0.97909909	39.91314697	0.95708704	0.07244464013796313	0.010141	0.00012
0.0239	0.0306	0.1295	-0.001509709802975095	0.0007155849933176752	0.00027750735106709843	1.0373683	42.28849792	0.99167417	0.13319232776029963	0.00798392	0.00015
0.0227	-0.0571	0.1036	-0.0012356931104119853	0.0007906341511534313	0.00020594885173533088	1.04525745	42.61010361	0.9956992	0.13583121748653168	0.00915653	0.00017
0.0219	-0.0305	0.0823	-0.0014852751934471744	0.0007749261878854823	0.00018151424220741024	0.97889131	39.90467453	0.95250158	0.06318623279155294	0.00936836	0.0001
0.0267	-0.0091	0.1028	-0.0012514010736799342	0.0007417649320975902	0.0002652900463031381	1.02340829	41.71941757	0.97488359	0.06424055898254301	0.00912404	0.00024
0.023	-0.0478	0.0902	-0.0011449359893082802	0.0007557275661135446	0.0001937315469713706	1.01845181	41.5173645	0.97253402	0.06459931088596879	0.00940758	0.0004
0.0252	0.0313	0.1304	-0.0014311699866353504	0.0006632251157578452	0.00029845130209103034	1.06670749	43.48451614	1.00386776	0.14567281014012143	0.00779313	0.0001
0.0224	-0.0629	0.1067	-0.0010768681484805013	0.00062482787221397	0.00023387411976724014	1.05338132	42.94127274	0.99821012	0.1435638132011257	0.00937361	0.00012
0.0224	-0.0212	0.1137	-0.0012618730491919003	0.0006702064327658224	0.00026354471705114377	0.94971824	38.71543121	0.94080927	0.061702702927357744	0.0081138	0.0001
0.024	-0.0197	0.1076	-0.001059414855960558	0.0006754424205218055	0.00032463124087094524	0.9241066	37.67136765	0.93233298	0.02263903524035634	0.00863302	6e-05
0.0246	-0.037	0.1072	-0.0010122909661567112	0.000736528944341607	0.0003106686068549907	0.93642157	38.17338943	0.93469186	0.024408652381980134	0.00863349	7e-05
0.0253	0.0079	0.1218	-0.0012060225131280816	0.0007225663103256524	0.00034906585039886593	0.96041924	39.1516571	0.94396752	0.07250457122656001	0.00784314	0.0001
0.0223	-0.0513	0.1129	-0.0009128071987930344	0.0006876597252857658	0.00029321531433504735	0.98481631	40.14620972	0.96141357	0.09029862177193763	0.00931323	0.0001
0.0257	0.0053	0.126	-0.0012409290981679683	0.0007120943348136865	0.0003438298626428829	0.98672402	40.22397614	0.95857675	0.09325855286053453	0.00784743	6e-05
0.0241	-0.0474	0.1078	-0.0010192722831646884	0.000661479786505851	0.000296705972839036	0.97369933	39.69302368	0.95157112	0.0884697626557481	0.00874561	0.00012
0.0247	-0.002	0.1243	-0.0013404128655316449	0.0007225663103256524	0.00034208453339088857	0.95195401	38.80657196	0.93979717	0.0838802833369305	0.0080688	0.00011
0.0227	-0.0506	0.1136	-0.0010716321607245184	0.000635299847725936	0.00029845130209103034	0.96399564	39.29745102	0.94451974	0.08128401993533504	0.00869131	0.00013
0.0246	-0.0032	0.1355	-0.0013264502315156904	0.0006998770300497262	0.000317649923862968	0.96411479	39.30230713	0.9455316	0.08812969374434497	0.00786686	0.00013
0.0252	-0.0468	0.123	-0.0011938052083641214	0.0006667157742618339	0.0003612831551628262	0.93921489	38.28725815	0.93485765	0.06717197551196599	0.0082922	0.00012
0.0273	0.0003	0.1385	-0.00147131255943122	0.0007068583470577034	0.0004415683007545654	0.93067062	37.93894958	0.93150007	0.08459675347273539	0.00724757	5e-05
0.0278	-0.0469	0.1269	-0.001165879940332212	0.0006859143960337716	0.00047822021504644627	0.94518709	38.53071594	0.94127339	0.07745142422074103	0.00877678	0.00014
0.0304	0.0037	0.1422	-0.0015079644737231008	0.0007714355293814937	0.0005026548245743669	0.96586466	39.37364197	0.94857486	0.09110201381332655	0.00760275	0.00016
0.028	-0.0424	0.1296	-0.0012531464029319286	0.0007138396640656808	0.0004380776422505767	0.95379496	38.8816185	0.94570993	0.07994955592153875	0.00883502	0.00014
0.0311	0.0093	0.1411	-0.0015306537539990272	0.0007539822368615504	0.0004974188368183839	0.97374171	39.69475174	0.95597606	0.08514955592153875	0.00793225	0.00016
0.0254	-0.0155	0.0987	-0.0017139133254584315	0.0008115781021773631	0.00024609142453120044	1.01411343	41.34051132	0.97972312	0.09750914245312002	0.00821847	0.00017
0.0142	0.0026	0.0502	-0.002748893571891069	0.0007347836150896127	5.235987755982988e-06	1.12701046	45.94277954	1.05213299	0.14543150851478023	0.00769144	0.00018
0.0255	0.0381	0.0779	-0.0023928464044842257	0.0008604473212332044	0.00031415926535897925	1.01726544	41.46900177	0.97895969	0.11403170755767154	0.00715721	0.00018
0.0237	-0.0119	0.0742	-0.0021589722847169856	0.0008499753457212384	0.0003351032163829112	0.99130601	40.41076279	0.96276836	0.06876450231515689	0.00720578	0.00016
0.0245	0.0416	0.0931	-0.0021886428820008896	0.0009756390518648303	0.00041189770347066176	0.99598938	40.60168076	0.96823947	0.08480643952576232	0.00701976	0.00019
0.0167	-0.0135	0.0887	-0.0024853488548399255	0.001090830782496456	0.00024260076602721178	0.99908793	40.72799301	0.97448785	0.09635973204570558	0.00693637	0.0004
0.0235	0.0468	0.1108	-0.002581341963699613	0.0010210176124166828	0.00038571776469074686	0.96719795	39.42799377	0.95813574	0.10464616388014976	0.00639439	0.00012
0.0249	-0.0121	0.0934	-0.0024190263432641405	0.000874409955249159	0.0003787364476827695	0.95062697	38.75247574	0.95041045	0.09349522973054868	0.00633818	0.00012
0.0287	0.0364	0.1702	-0.0021921335405048776	0.0006911503837897545	0.0005288347633542819	1.08013499	44.03189087	1.03453689	0.157112534494509	0.00698018	0.00043
0.0211	-0.0308	0.221	-0.0012007865253720988	-8.203047484373349e-05	0.0005585053606381855	1.10605657	45.08858871	1.05672911	0.21530992355250853	0.0113419	0.00169
0.0168	-0.1253	0.2009	-0.0007976154681614085	0.00016929693744344995	0.0002373647782712288	1.04338026	42.53357697	1.0124041	0.1676819525932415	0.0135266	0.00202
0.0199	-0.068	0.2125	-0.0018186330805780916	0.000445058959258554	0.00013264502315156904	1.04978514	42.79467392	1.00479793	0.1420749694675723	0.00956702	0.00091
0.0325	-0.0308	0.2006	-0.0029653143991383657	0.0007033676885537148	0.00048171087355043494	1.04186511	42.4718132	1.01212963	0.14940279491271505	0.00694335	0.00087
0.0437	0.0508	0.1796	-0.003351032163829113	0.0008988445647770796	0.0007923794804054256	1.02607155	41.82798767	1.00988673	0.15839316238845513	0.00497544	0.0001
0.0431	0.0634	0.2107	-0.0036285395148962112	0.0006335545184739417	0.000921533845053006	0.8752653	35.68034363	0.91213798	0.07789758810089081	0.00549459	0.00016
0.0385	0.0112	0.1924	-0.0034348079679248403	0.00040317105721069014	0.0007853981633974483	0.90513766	36.89809418	0.92904156	0.103112534494509	0.00525725	0.00013
0.0363	0.0366	0.1897	-0.0038798669271833948	0.00030194196059501896	0.0008395033702092724	0.93438947	38.09054947	0.93936775	0.060319663134302474	0.00561732	0.00032
0.0379	0.0446	0.2097	-0.003932226804743224	0.0003665191429188092	0.0008883725892651138	0.95949316	39.11390686	0.95713054	0.03789031394697303	0.00625157	0.0005
0.0367	-0.0053	0.1976	-0.003906046865963309	0.0003944444109507184	0.0008185594191853405	0.98458213	40.13666153	0.9613359	0.06939591884457987	0.0071457	0.00052
0.0412	0.0401	0.2413	-0.004225442119078272	0.0003577924966588376	0.0009389871375729493	0.98874366	40.30630875	0.95990822	0.1174237442897226	0.00736123	0.00048
0.0392	-0.031	0.2217	-0.003897320219703338	0.0002548180707911721	0.000926769832808989	1.0030061	40.8877182	0.96909576	0.11486568150032794	0.00756848	0.00051
0.0412	-0.002	0.2165	-0.00408756110817072	0.00029845130209103034	0.000973893722612836	0.94096047	38.35841751	0.94396814	0.05024990047855434	0.00687945	0.00029
0.0441	0.0228	0.2348	-0.004221951460574283	0.0003717551306747922	0.0010105456369047167	0.9549703	38.9295311	0.94361484	0.05821730476396032	0.0059576	0.00011
0.042	-0.0168	0.2084	-0.004019493267342941	0.0004415683007545654	0.0009564404300928925	0.93686086	38.19129562	0.93437389	0.08441882850614697	0.00538117	0.00013
0.0429	0.0459	0.2322	-0.0044436082755775624	0.0003944444109507184	0.001054178868204575	0.97975791	39.94000244	0.95524701	0.11584886680750754	0.00507694	0.00012
0.0435	0.0158	0.2141	-0.004335397861953915	0.0003822271061867582	0.0010349802464326373	0.92579848	37.74033737	0.93254954	0.05578131700797725	0.00520599	0.00011
0.0472	0.0493	0.2298	-0.004574507969477138	0.0005462880558742252	0.0011013027580084218	0.93264472	38.01942444	0.93527536	0.07637467843932369	0.00509477	9e-05
0.0485	0.0348	0.2194	-0.004441862946325569	0.0006021385919380437	0.0010716321607245184	0.91814566	37.42836761	0.92421701	0.03710830782496454	0.00456166	5e-05
0.0469	0.0338	0.2172	-0.004529129408925285	0.000640535835481919	0.0010140362954087054	0.92965817	37.89767838	0.92889517	0.01396297857297024	0.00584722	0.00013
0.0503	0.0728	0.2376	-0.004824090052512327	0.0006492624817418905	0.0011030480872604163	0.97276962	39.65512466	0.95074426	0.08243495408493619	0.0051949	0.00013
0.0508	0.0053	0.2147	-0.004756022211684548	0.000736528944341607	0.0010105456369047167	0.96688962	39.41542435	0.95128899	0.10329183768915975	0.00482047	0.0001
0.0556	0.0604	0.2391	-0.005202826500195096	0.0009093165402890458	0.0011536626355682519	0.9590838	39.09721756	0.9470462	0.12243544415607611	0.00477934	5e-05
0.0554	0.0139	0.1973	-0.005052728184523583	0.0011222467090323538	0.0010838494654884787	0.95157444	38.79109955	0.94391892	0.11014208272472968	0.0043776	7e-05
0.0581	0.0642	0.2233	-0.005516985765554075	0.0012618730491919003	0.001158898623324235	0.97067106	39.56957626	0.94973985	0.11294665395128972	0.00477701	8e-05
0.054	0.0327	0.19	-0.005359906132874586	0.001254891732183923	0.001069886831472524	0.96172911	39.20505524	0.94204461	0.08155363707695888	0.00433105	6e-05
0.0577	0.0776	0.2214	-0.005721189288037411	0.0012723450247038664	0.0011833332328521555	0.97149307	39.60308456	0.94487966	0.10460914245312004	0.004417	6e-05
0.0552	0.0361	0.1925	-0.005331980864842677	0.001186823891356144	0.0011536626355682519	0.95220751	38.81690598	0.93491847	0.09812000769131805	0.00405294	6e-05
0.0579	0.0855	0.2223	-0.0055763269601218825	0.001186823891356144	0.0012688543661998775	0.96303123	39.25813675	0.94516301	0.09987689129554159	0.00448078	9e-05
0.0549	0.0422	0.1856	-0.005286602304290824	0.0012322024519079964	0.0011571532940722405	0.95758176	39.03598785	0.94413214	0.10534021442552742	0.0044716	0.00012
0.0566	0.0819	0.2043	-0.0055431657043339905	0.0013037609512397642	0.0012671090369478833	0.94811743	38.65017319	0.94426702	0.08200388211252886	0.0044418	8e-05
0.0536	0.0474	0.1728	-0.005295328950550796	0.0013473941825396225	0.0011746065865921838	0.94240719	38.41739273	0.93697146	0.08819862177193762	0.00425845	9e-05
0.0593	0.0796	0.2032	-0.0056635934227216	0.0013735741213195373	0.0013439035240356337	0.9529987	38.84915924	0.94061013	0.09648706741970839	0.00473028	0.00011
0.0582	0.0316	0.1824	-0.005290092962794812	0.0013142329267517303	0.0013072516097437528	0.97958732	39.93304825	0.95494759	0.09337467843932375	0.00437188	0.0001
0.0576	0.0689	0.2062	-0.005642649471697667	0.001329940890019679	0.0013369222070276565	0.96836132	39.47541809	0.94794205	0.08159675347273533	0.00449872	7e-05
0.0556	0.0355	0.1937	-0.005422737985946381	0.001256637061435917	0.001244419756671957	0.93537307	38.13064575	0.93155282	0.06718588823453733	0.00412393	0.0001
0.0564	0.0646	0.2067	-0.0056374134839416844	0.0011903145498601325	0.001239183768915974	0.92258811	37.60946655	0.92752365	0.05721169986635353	0.00436544	6e-05
0.0584	0.0603	0.2011	-0.005447172595474302	0.0012112585008840647	0.0012426744274199627	0.90030408	36.70105362	0.91840086	0.022633774899765174	0.00428224	0.00011
0.0551	0.0497	0.2013	-0.005420992656694387	0.0011903145498601325	0.0012130038301360591	0.93497664	38.11448669	0.93074857	0.017939724354387555	0.00451082	0.00011
0.0556	0.082	0.2111	-0.005424483315198376	0.0012269664641520136	0.001265363707695889	0.97436905	39.72032547	0.95094627	0.04722512251778501	0.00456756	0.00011
0.0526	0.0496	0.2067	-0.005263913024014897	0.0011903145498601325	0.0012199851471440364	0.98574013	40.18386841	0.95335265	0.05193003830136064	0.00483501	0.00021
0.0557	0.0879	0.2262	-0.005447172595474302	0.0012147491593880533	0.0012880529879718153	1.00539267	40.98500824	0.96228712	0.07468810109075524	0.0053317	0.00024
0.0568	0.0444	0.2111	-0.005256931707006921	0.0012007865253720988	0.0012618730491919003	0.97879708	39.90083313	0.95397085	0.07121917306316253	0.00518465	7e-05
0.0615	0.1055	0.237	-0.005804965092133139	0.0012950343049797925	0.001462585913171248	0.98335266	40.08654404	0.96504401	0.13384970143566297	0.00539106	0.00014
0.0619	0.0283	0.2099	-0.005464625887994246	0.0013491395117916165	0.0013439035240356337	0.99568486	40.58926773	0.97492899	0.13035634000431656	0.00469798	0.00011
0.0636	0.078	0.2312	-0.0059690260418206065	0.001350884841043611	0.0014416419621473165	0.99395722	40.51884079	0.96519172	0.10289419605950188	0.00499189	9e-05
0.0603	0.017	0.2018	-0.005513495107050087	0.0012758356832078548	0.0013473941825396225	1.02876043	41.93759918	0.98183902	0.12494139361069848	0.00526029	0.00014
0.0615	0.0721	0.2216	-0.005756095873077299	0.0013491395117916165	0.0014311699866353504	1.01630926	41.43002319	0.97246628	0.09608401993533504	0.0051614	0.00015
0.0598	0.0399	0.2019	-0.0053058009260627615	0.0013665928043115599	0.001324704902263696	0.98700231	40.23532104	0.9547795	0.08231066619530675	0.00467175	0.00017
0.0625	0.0799	0.2209	-0.005497787143782138	0.0014311699866353504	0.001403244718603441	0.94232184	38.41391373	0.9348036	0.0784551608191456	0.00492519	0.0001
0.0619	0.0696	0.2149	-0.0052778756580308525	0.001322959573011702	0.001420698011123384	0.91086119	37.13141632	0.92004908	0.03417875959474386	0.00451219	3e-05
0.0589	0.0723	0.2225	-0.005351179486614613	0.0012356931104119853	0.001420698011123384	0.89220911	36.37105942	0.91303468	0.02132851455917388	0.00471646	7e-05
0.0599	0.0792	0.2185	-0.005307546255314756	0.0012723450247038664	0.0014538592669112763	0.90426213	36.86240387	0.92586258	0.017572320068981538	0.00460345	9e-05
0.0577	0.053	0.2048	-0.005218534463463045	0.0012740903539558604	0.0013805554383275148	0.92276305	37.61659622	0.92860908	0.05030304748437332	0.00446033	6e-05
0.0627	0.1062	0.2188	-0.005605997557405786	0.0013840460968315032	0.0014765485471872027	0.9585306	39.07466888	0.94441437	0.10187059728390356	0.00531054	8e-05
0.06	0.0363	0.1901	-0.005335471523346666	0.0013072516097437528	0.0013857914260834976	0.97901988	39.90991592	0.95985505	0.1232038821125288	0.00479662	0.00012
0.064	0.0921	0.2085	-0.005593780252641826	0.0013648474750595659	0.0014922565104551516	0.95909762	39.09778214	0.94721126	0.09931848394913137	0.00480002	6e-05
0.0627	0.0375	0.1811	-0.005427973973702364	0.001382300767579509	0.0014189526818713899	0.9572829	39.02380371	0.94803688	0.09612817000215831	0.00469601	6e-05
0.0546	0.0985	0.1927	-0.0056758107274855595	0.0014364059743913332	0.0012583823906879114	0.97068036	39.56995392	0.95892011	0.10382561258892488	0.00497234	0.00017
0.0552	0.0082	0.1798	-0.0052778756580308525	0.001593485607070823	0.0010821041362364843	1.03516793	42.19880295	1.01076284	0.1403646478292812	0.00501508	0.00065
0.0609	0.0983	0.1747	-0.005569345643113905	0.0015481070465189703	0.0012688543661998775	0.99302453	40.4808197	0.98760238	0.1270799387799149	0.00477576	0.0001
0.0672	0.1367	0.2081	-0.005976007358828583	0.0017139133254584315	0.0015079644737231008	0.89954489	36.67010498	0.9199295	0.11867890510886817	0.00569338	0.00011
0.0682	0.0667	0.1765	-0.005815437067645105	0.0017174039839624202	0.0014974924982111347	0.92104745	37.54666138	0.9361518	0.11132664625997164	0.00504166	6e-05
0.0736	0.137	0.2135	-0.006309365245959501	0.0018186330805780916	0.0016807520696705393	0.92468464	37.69493103	0.9368469	0.1516208423194736	0.00596637	9e-05
0.0718	0.0697	0.1854	-0.0059690260418206065	0.0017715091907742446	0.0015550883635269475	0.92677331	37.78007507	0.93568026	0.12285634000431664	0.00517499	8e-05
0.0759	0.1242	0.2131	-0.0064071036840711824	0.0017837264955382047	0.0016912240451825054	0.91148239	37.15673828	0.92951867	0.11562153143350468	0.0061444	0.00012
0.0748	0.0609	0.1818	-0.00617148423505195	0.001748819910498318	0.001621410875102732	0.92668241	37.776371	0.93576586	0.11271696020694465	0.00546223	0.00012
0.0789	0.114	0.2113	-0.006595599243286571	0.0017872171540421933	0.0017662732030182616	0.94585258	38.55784607	0.94271493	0.1170687289847013	0.00626504	0.00012
0.0731	0.0555	0.1766	-0.006126105674500097	0.0017435839227423352	0.0016423548261266642	0.96311623	39.26160049	0.95163844	0.13085225884889645	0.0055362	0.00012
0.0771	0.1159	0.2146	-0.00650658745143486	0.0018500490071139892	0.0017959438003021652	0.97426885	39.71623993	0.9566889	0.13442679177409592	0.00619751	0.00011
0.0741	0.0549	0.1906	-0.006108652381980153	0.001785471824790199	0.0016877333866785165	0.96779454	39.45231247	0.95250695	0.11653613327010733	0.00502425	6e-05
0.0763	0.1075	0.2189	-0.006524040743954804	0.0018448130193580064	0.0017749998492782332	0.92609626	37.75247574	0.92937029	0.11119980095710875	0.0056774	7e-05
0.0771	0.0629	0.1945	-0.006166248247295967	0.0018046704465621369	0.0017191493132144146	0.9237116	37.65526581	0.92577109	0.09248928027592627	0.00498289	8e-05
0.08	0.12	0.2236	-0.006642723133090418	0.0018657569703819383	0.0017924531417981763	0.9693771	39.51682663	0.94809287	0.11964326190990068	0.00610608	5e-05
0.0792	0.0738	0.1986	-0.00632507320922745	0.0018675022996339327	0.0017156586547104257	0.95185894	38.80269623	0.94491635	0.09180948701013561	0.00524569	9e-05
0.0815	0.1228	0.2292	-0.006843435997069766	0.00200363798128949	0.001780235837034216	0.96243972	39.23402405	0.94792743	0.11785378259108319	0.0061934	6e-05
0.0787	0.0608	0.2014	-0.006438519610607082	0.001965240737745615	0.0016877333866785165	0.97666407	39.81388092	0.95056807	0.11939080401811296	0.00548315	5e-05
0.0768	0.1124	0.2159	-0.00674395222970609	0.002012364627549462	0.001706932008450454	0.98199767	40.03130722	0.95012617	0.0865877565337397	0.00674427	0.00011
0.0781	0.1079	0.2084	-0.006714281632422186	0.0020682151636132805	0.0016545721308906245	0.94399679	38.48219299	0.94523541	0.020194050545377644	0.00613838	8e-05
0.0771	0.0741	0.1993	-0.006729989595690135	0.002049016541841343	0.001616174887346749	0.96160305	39.19991684	0.95039048	0.047565191429188095	0.00586033	0.00013
0.0769	0.1133	0.1997	-0.0069254664719134995	0.002097885760897184	0.0015917402778188286	0.98124945	40.0008049	0.95175823	0.0532390352403563	0.00684893	0.00014
0.0565	0.1001	0.146	-0.007529350393103537	0.0018622663118779497	0.0010786134777324957	1.05610633	43.05236053	1.01242091	0.15493150851478024	0.00794536	0.0003
0.0633	0.1638	0.1982	-0.007738789903342857	0.0019163715186897737	0.0013404128655316449	1.03403497	42.15261841	0.99050672	0.14896720524251467	0.00821477	0.0002
0.0645	0.0889	0.1716	-0.007215191127744558	0.0020193459445574393	0.0013037609512397642	1.00566232	40.99599838	0.9713654	0.13586125578789227	0.00660723	0.00012
0.067	0.1519	0.1978	-0.007630579489719209	0.0021607176139689798	0.0014590952546672592	0.96097928	39.17448807	0.95221269	0.1273047167406843	0.00789493	0.00025
0.0675	0.0925	0.1696	-0.007246607054280456	0.002129301687433082	0.0014346606451393388	0.96622568	39.38835907	0.95071492	0.11009114857512856	0.00681967	0.0001
0.0717	0.1412	0.1956	-0.0076497781114911465	0.00214850030920502	0.0015777776438028737	0.96558976	39.36243439	0.95159816	0.10717433388230813	0.00768602	0.00017
0.069	0.0977	0.173	-0.007215191127744558	0.0021205750411731105	0.001509709802975095	0.96193004	39.21324539	0.94449855	0.09532900463031382	0.00636208	5e-05
0.0692	0.1266	0.1855	-0.007443829259755815	0.002143264321449037	0.0015865042900628454	0.94306856	38.44435501	0.93297293	0.058006094968746674	0.00737435	6e-05
0.0689	0.1127	0.176	-0.007298966931840286	0.002136283004441059	0.001553343034274953	0.95635742	38.98607635	0.94264801	0.03295024503556994	0.00686598	0.00013
0.0713	0.1298	0.1989	-0.007562511648891429	0.0022165681500327986	0.0016074482410867775	0.94741148	38.62139511	0.93965933	0.062296753472735375	0.0073368	5e-05
0.0742	0.1106	0.1879	-0.007309438907352251	0.0022060961745208325	0.0015969762655748114	0.93383592	38.06798553	0.93183901	0.0468008346281555	0.00665915	8e-05
0.0734	0.1144	0.1902	-0.007323401541368206	0.002178170906488923	0.0015987215948268059	0.9240365	37.66851044	0.92616946	0.00908166156499291	0.00700331	6e-05
0.0762	0.1372	0.2016	-0.007543313027119492	0.0021607176139689798	0.0017296212887263805	0.95707357	39.01527023	0.94408628	0.055413223608540174	0.00736088	0.00011
0.0738	0.0836	0.1912	-0.007281513639320344	0.0021537362969610025	0.0016598081186466073	0.96632272	39.39231491	0.94871667	0.08332969374434487	0.00656188	7e-05
0.0767	0.1374	0.2103	-0.007663740745507101	0.002267182698340634	0.001748819910498318	0.95985615	39.12870407	0.94293354	0.10503426497090496	0.00764203	9e-05
0.0753	0.0785	0.1922	-0.007316420224360229	0.0021537362969610025	0.0016632987771505957	0.98335415	40.08660507	0.95378127	0.10571440279371128	0.0068481	5e-05
0.0784	0.1481	0.2187	-0.007859217621730466	0.0022462387473167022	0.0017732545200262388	0.98977405	40.34831238	0.96444065	0.136462779530079	0.00793093	0.0001
0.0782	0.0861	0.1929	-0.007435102613495844	0.002234021442552742	0.0017243853009703976	0.96415108	39.30378723	0.95047839	0.11226007660272116	0.00667721	7e-05
0.0798	0.1263	0.2078	-0.007623598172711231	0.002235766771804736	0.0017697638615222502	0.95931059	39.10646439	0.94899835	0.0684809724509617	0.00743294	0.0001
0.0803	0.1179	0.2011	-0.00742113997947989	0.002134537675189065	0.0017837264955382047	0.97296906	39.66325378	0.95221425	0.031482496193148364	0.00717276	0.00017
0.0785	0.1132	0.2038	-0.007382742735936014	0.00217293491873294	0.001762782544514273	0.95950478	39.11437988	0.94312686	0.014086921905584152	0.00769758	0.00017
0.0802	0.132	0.2103	-0.0074508105767637925	0.002267182698340634	0.0018256143975860688	0.96530116	39.35066986	0.94148085	0.03825737367536341	0.00786638	0.00016
0.0773	0.1008	0.2014	-0.007237880408020484	0.0021851522234969008	0.0017296212887263805	0.96924353	39.51138306	0.94409239	0.06254768762233649	0.00711823	0.00011
0.084	0.1656	0.2215	-0.007778932476138726	0.0022759093446006054	0.0018989182261698304	1.00390816	40.92449188	0.97539163	0.13165530633326983	0.00838917	0.00011
0.0819	0.0785	0.1941	-0.00740543201621194	0.002258456052080662	0.001762782544514273	1.0332129	42.11910248	0.98872469	0.14295447170511438	0.00695926	8e-05
0.0831	0.1387	0.2103	-0.007840018999958528	0.002267182698340634	0.001843067690106012	0.99272317	40.46853256	0.95834675	0.10377993877991493	0.00763637	0.00011
0.08	0.0777	0.1839	-0.007297221602588292	0.0022113321622768156	0.0017680185322702558	1.03851581	42.33527756	0.98187756	0.12418485456349047	0.00684321	0.00016
0.0816	0.1313	0.2087	-0.007593927575427327	0.0023003439541285265	0.0018325957145940458	1.02153659	41.64311981	0.9764936	0.10251474735072676	0.00780326	0.00018
0.0796	0.0902	0.1907	-0.007079055446089001	0.0022113321622768156	0.001820378409830086	1.00172377	40.8354454	0.96079978	0.09190506129769982	0.00679857	0.00013
0.0812	0.1399	0.2186	-0.007456046564519776	0.0022270401255447643	0.0018832102629018814	0.99769765	40.67131805	0.95932717	0.10197654673852592	0.00750792	0.0001
0.0837	0.1153	0.2107	-0.007372270760424048	0.0022444934180647076	0.0018797196043978928	0.94658941	38.587883	0.94578508	0.04023598775598298	0.00720578	7e-05
0.0817	0.0898	0.1871	-0.007159340591680739	0.0022200588085367874	0.001820378409830086	0.94745034	38.62297821	0.94105917	0.06593529864195177	0.00654864	0.0001
0.083	0.1491	0.2002	-0.007543313027119492	0.002253220064324679	0.0018692476288859267	0.99840271	40.7000618	0.96165871	0.09700014551412424	0.00770622	0.00011
0.0783	0.083	0.1723	-0.007176793884200683	0.0022200588085367874	0.0017610372152622785	1.0412184	42.44544983	0.98719067	0.12409454061651742	0.00701797	0.00014
0.0815	0.1514	0.1966	-0.00753458638085952	0.0022200588085367874	0.0018483036778619948	1.04108894	42.4401741	0.98819603	0.11815294796292768	0.00795084	0.00022
0.0658	0.1099	0.1443	-0.008033750546929898	0.0020943951023931952	0.0013648474750595659	1.07275975	43.73123932	1.01286058	0.16491420375081994	0.00912744	0.0007
0.0737	0.1698	0.1881	-0.0077719511591307485	0.002319542575900464	0.0016772614111665507	1.06158125	43.27554703	1.00460338	0.15156803987067016	0.0087949	0.00019
0.0753	0.1105	0.1571	-0.007237880408020484	0.002267182698340634	0.0017051866791984597	0.9790045	39.90929031	0.96274886	0.12261779483510016	0.00772446	0.00017
0.0813	0.1628	0.1863	-0.007726572598578897	0.002453932928304027	0.0019250981649497454	0.98851424	40.29695511	0.97686883	0.13226769531365457	0.00862324	0.00019
0.0829	0.0991	0.1459	-0.0071244340066408535	0.002567379329683659	0.0019408061282176943	1.03713071	42.27881622	0.98690801	0.14226464782928122	0.00734049	0.00015
0.0844	0.1236	0.1475	-0.007309438907352251	0.002633701841259443	0.0019861846887695473	1.01026988	41.18383026	0.9616222	0.04243529864195173	0.00801796	0.00028
0.0869	0.124	0.1487	-0.007084291433844983	0.002590068609959585	0.0020525072003453313	1.01871395	41.52805328	0.97908548	0.020855160819145527	0.00784951	0.00023
0.0874	0.1186	0.1674	-0.007154104603924756	0.002623229865747477	0.0020804324683772408	0.99803233	40.68496323	0.96239585	0.031144984694978735	0.00706786	0.00012
0.0889	0.1184	0.1667	-0.006951646410693414	0.0025987952562195565	0.00209614043164519	0.94414592	38.48827362	0.93362577	0.014530038301360603	0.00673181	0.00016
0.0887	0.1142	0.174	-0.006963863715457375	0.0025883232807075904	0.0020717058221172693	0.95294237	38.84686279	0.93358218	0.014056194490192384	0.0066092	0.00012
0.0911	0.138	0.1789	-0.007113962031128888	0.0026581364507873638	0.002124065699677099	0.95107353	38.77067947	0.94430123	0.044713568165555856	0.00694615	0.00011
0.089	0.1033	0.1693	-0.0069533917399454085	0.0026878070480712674	0.002057743188101315	0.94403869	38.48390198	0.93749229	0.05922817000215838	0.00643671	6e-05
0.0913	0.1472	0.1813	-0.007286749627076325	0.0027558748888990466	0.002183406894244906	0.95283264	38.84238815	0.94180281	0.08455447170511433	0.0077979	5e-05
0.0931	0.0928	0.161	-0.006997024971245267	0.002855358656262723	0.0022026055160168437	0.97976327	39.94021988	0.95317292	0.0969203522483336	0.00709468	6e-05
0.1105	0.1609	0.1817	-0.0075450583563714865	0.0033772121026090277	0.002673844414055313	1.02441883	41.76061249	0.98580421	0.18325628647554967	0.00868988	4e-05
0.1205	0.0841	0.1457	-0.007066838141325039	0.003679154063204046	0.002900737216814576	1.03517091	42.1989212	0.98634061	0.17315274892003643	0.00819659	0.00013
0.133	0.1487	0.1659	-0.0074124133332199174	0.003937462792499207	0.0032480577379614467	1.05850816	43.15027237	0.98942159	0.14486022211684552	0.00970274	0.00027
0.1354	0.1016	0.142	-0.006974335690969341	0.003996803987067014	0.0033143802495372316	1.01584589	41.41113663	0.9722607	0.10158706741970844	0.00910127	0.0002
0.1392	0.1581	0.1635	-0.007347836150896126	0.0040282199136029125	0.0034574972482007667	1.0156064	41.401371	0.96738156	0.10920166925631095	0.0103507	0.00025
0.1368	0.0975	0.1458	-0.0069533917399454085	0.003921754829231259	0.003371976114853045	1.00118017	40.81328583	0.9625682	0.11002153143350463	0.00972342	0.00019
0.1445	0.1748	0.1757	-0.007394960040699974	0.004125958351714595	0.003611086222376268	1.00289011	40.88299179	0.98106282	0.15914409653805617	0.0120536	0.00052
0.1415	0.1009	0.1441	-0.006949901081441421	0.004064871827894794	0.003467969223712733	1.01461768	41.36106873	0.98072293	0.14096312408709444	0.00961262	0.00038
0.1454	0.1567	0.1577	-0.007435102613495844	0.004207988826558329	0.003569198320328404	0.97896767	39.90778732	0.95892778	0.10977738136668148	0.0110803	0.00055
0.1431	0.094	0.1253	-0.006974335690969341	0.004206243497306334	0.003506366467256608	1.02981675	41.98065948	0.98444187	0.12366720524251475	0.0104958	0.00059
0.1469	0.1454	0.1553	-0.007403686686959946	0.004319689898685966	0.0035849062835963527	1.03645027	42.25107574	0.98322641	0.11626686068549907	0.0109777	0.00052
0.1473	0.0962	0.1368	-0.006972590361717347	0.004405211032033687	0.003532546406036523	1.00834787	41.10547638	0.97061118	0.09654886680750749	0.00994176	0.00043
0.1509	0.1474	0.1683	-0.007360053455660089	0.0044645522266014955	0.00365646478292812	0.9796477	39.93550873	0.95800533	0.11483613327010736	0.0106162	0.00037
0.1485	0.1158	0.1573	-0.007012732934513216	0.004317944569433971	0.003623303527140228	0.94507194	38.52602386	0.93837944	0.07135447170511447	0.0098421	0.00042
0.1504	0.1321	0.1632	-0.007140141969908803	0.004420918995301637	0.0036599554414321086	0.93434453	38.08871841	0.93332178	0.0374517687777567	0.0101644	0.00033
0.1548	0.1566	0.162	-0.007319910882864217	0.004475024202113462	0.0037437312455278365	0.96255046	39.23853683	0.94897169	0.04598249619314833	0.0108653	0.00054
0.1533	0.1133	0.1398	-0.007042403531797119	0.004389503068765739	0.003682644721708035	0.98542297	40.1709404	0.9570155	0.08820575041173105	0.0102047	0.00043
0.1538	0.1615	0.1658	-0.007374016089676042	0.004199262180298357	0.0037262779530078936	1.00740433	41.06701279	0.96900303	0.1029743338823082	0.0107012	0.00043
0.1406	0.0747	0.1561	-0.007209955139988575	0.003790855135331684	0.003337069529813158	1.06008542	43.21456909	1.00392825	0.1577838208924438	0.00908494	0.00024
0.1443	0.1558	0.1777	-0.007492698478811657	0.004000294645571003	0.003459242577452761	1.00253713	40.86860275	0.97400603	0.13711779483510017	0.0099414	0.00015
0.1458	0.1073	0.16	-0.007145377957664784	0.0039723693775390945	0.003497639820996636	0.94480425	38.51511002	0.94416703	0.08838215163613278	0.00968343	0.00021
0.1421	0.1647	0.1605	-0.00721170046924057	0.004544837372193235	0.0033859387488689996	1.01843536	41.51669693	0.9862641	0.09912457891787815	0.0108815	0.00056
0.1475	0.1173	0.1547	-0.007279768310068348	0.004579743957233121	0.0034365532971768345	0.99707377	40.64588547	0.9698083	0.06627944870877497	0.0106137	0.00049
0.1523	0.1669	0.1821	-0.007668976733263084	0.004598942579005058	0.0035674529910764093	0.96092212	39.17215729	0.95506341	0.1087653369433124	0.0116763	0.00041
0.1516	0.0831	0.164	-0.007291985614832309	0.004639085151800928	0.0035395277230445004	1.01282609	41.28803253	0.97987036	0.12485294796292766	0.0105962	0.00047
0.1588	0.15	0.1875	-0.0077492618788548235	0.004640830481052923	0.003766420525803763	0.96941406	39.51833344	0.95571504	0.13189571980168857	0.0115907	0.00047
0.1574	0.0861	0.1667	-0.007323401541368206	0.0045867252742410975	0.003733259270015871	0.98756534	40.25827408	0.96444443	0.11175634000431676	0.0106698	0.00049
0.1615	0.1619	0.191	-0.007845254987714512	0.004698426346368735	0.0038432150128915135	1.00605714	41.01209641	0.97404335	0.1413755130674793	0.0121556	0.00051
0.1573	0.1039	0.1624	-0.007487462491055673	0.004738568919164605	0.003785619147575701	0.9750827	39.74941635	0.95528966	0.11357654673852607	0.0111595	0.00053
0.1599	0.1612	0.187	-0.007949974742834171	0.004804891430740389	0.0038851029149393774	0.96137434	39.19059372	0.94558947	0.11591592653589793	0.012465	0.00055
0.1552	0.1121	0.1637	-0.007562511648891429	0.004654793115068877	0.0037803831598197174	0.97835648	39.88287354	0.95025531	0.10921405823669564	0.0112323	0.00055
0.1569	0.1686	0.1891	-0.008072147790473773	0.004675737066092809	0.0038484510006474965	0.98342812	40.08961868	0.96234814	0.11353239667170271	0.0122083	0.00057
0.1543	0.1074	0.1651	-0.007670722062515079	0.004661774432076854	0.0037419859162758423	0.97190648	39.6199379	0.95196424	0.11389267231731524	0.0113285	0.00049
0.1553	0.1571	0.1821	-0.00793775743807021	0.004705407663376713	0.0038187804033635933	0.97180235	39.61569214	0.9512778	0.08707315469713708	0.011988	0.00056
0.1548	0.1108	0.1627	-0.007456046564519776	0.00471238898038469	0.0037140606482439333	0.97087985	39.57808685	0.95175871	0.09587059728390358	0.0110726	0.00047
0.1552	0.1409	0.1768	-0.0077492618788548235	0.004733332931408622	0.0037210419652519105	0.95101422	38.76826096	0.94210376	0.06065702911834788	0.0116685	0.00041
0.1562	0.1235	0.1643	-0.0076113808679472705	0.004780456821212468	0.003679154063204046	0.96169382	39.2036171	0.94498342	0.042244640137963155	0.0113017	0.00054
0.1542	0.1164	0.1721	-0.007602654221687299	0.0046914450293607576	0.003673918075448063	0.97690612	39.82374954	0.94750025	0.022048721293383228	0.0108752	0.00047
0.1542	0.14	0.1712	-0.007714355293814937	0.004827580711016315	0.003623303527140228	0.96595532	39.37733841	0.94871065	0.03942256510455153	0.0113239	0.00042
0.1529	0.1112	0.172	-0.007515387759087582	0.004801400772236401	0.00365646478292812	0.96516424	39.34508896	0.94833547	0.04381543646475805	0.010947	0.00043
0.1565	0.1561	0.1842	-0.007812093731926618	0.004879940588576145	0.003745476574779831	0.99013346	40.36296463	0.9602348	0.08391287905152464	0.0118179	0.00052
0.1558	0.1045	0.1705	-0.007480481174047695	0.004871213942316174	0.0037000980142279784	0.97909147	39.91283417	0.95549717	0.08528588823453734	0.0108297	0.00045
0.1616	0.1677	0.1852	-0.007873180255746421	0.005037020221255636	0.0038187804033635933	0.98212451	40.03647614	0.95915629	0.11755938748869012	0.0121289	0.00066
0.1601	0.1075	0.16	-0.007400196028455957	0.004956735075663896	0.003783873818323706	0.98336083	40.08687592	0.96050436	0.11630879789610456	0.0110404	0.00066
0.1653	0.1636	0.1828	-0.007775441817634738	0.004951499087907913	0.003940953451003196	0.97180223	39.61568832	0.95311644	0.11097807048071263	0.0121263	0.00067
0.165	0.094	0.1607	-0.007468263869283736	0.005021312257987686	0.0038903389026953604	0.97883558	39.90240479	0.95784651	0.11338028333693044	0.0113099	0.00077
0.1674	0.1539	0.1824	-0.007850490975470494	0.005044001538263612	0.003968878719035105	0.94736028	38.61930847	0.94272879	0.10817281014012142	0.0124888	0.00073
0.1608	0.1036	0.1603	-0.007202973822980598	0.0047856928089684515	0.003783873818323706	0.99270052	40.46760941	0.9690823	0.13354153912482275	0.0110536	0.00077
0.1531	0.1199	0.1944	-0.007496189137315645	0.00437379510549779	0.0036983526849759846	0.99940825	40.74105072	0.97885563	0.09763170755767149	0.0110144	0.00029
0.1516	0.0903	0.1963	-0.007314674895108234	0.004878195259324152	0.003443534614184812	0.99385262	40.51457596	0.98470342	0.08003662334124727	0.0106491	0.00085
0.1545	0.1096	0.1934	-0.0069097585086455495	0.004408701690537677	0.0036128315516282617	1.0165062	41.43805313	1.00413799	0.07728534463463047	0.00981265	0.00054
0.1595	0.1113	0.1648	-0.006935938447425466	0.004359832471481835	0.0036145768808802567	0.9264074	37.76515961	0.94335408	0.039139724354387645	0.00997221	0.00049
0.1602	0.16	0.1683	-0.007447319918259804	0.00441393767829366	0.003757693879543791	0.93671674	38.18542099	0.94006484	0.0883301838154849	0.0113049	0.00071
0.1636	0.137	0.18	-0.0074228853087318835	0.0044540802510895285	0.0037000980142279784	0.92316943	37.63316345	0.93358269	0.044208652381980074	0.0107933	0.00057
0.1664	0.1621	0.2094	-0.007766715171374767	0.00445058959258554	0.0038065630985996326	0.94121253	38.36869431	0.93720877	0.0799892802759263	0.0119365	0.00062
0.1699	0.1294	0.2052	-0.007644542123735163	0.00463559449329694	0.0038170350741115982	0.93234926	38.00738144	0.93511217	0.056282496193148505	0.0116785	0.00058
0.1714	0.1363	0.2177	-0.008049458510197848	0.0047088983218807005	0.0038467056713955023	0.90893847	37.05303574	0.92419763	0.04629454061651756	0.0125304	0.00055
0.172	0.1401	0.2261	-0.008382816397328765	0.004771730174952496	0.0038816122564353885	0.87461281	35.65374374	0.90794488	0.03435481626212991	0.0130923	0.00062
0.17	0.1364	0.2424	-0.008777260808279484	0.0046530477858168825	0.003858922976159462	0.91088778	37.13249969	0.92489524	0.04879080401811293	0.0136676	0.00055
0.1712	0.1223	0.2282	-0.008456120225912526	0.004642575810304917	0.0038432150128915135	0.91468775	37.28740692	0.92872681	0.046866026057343566	0.0129126	0.00059
0.1722	0.1312	0.2357	-0.008656833089891874	0.004618141200776996	0.003886848244191372	0.9077028	37.00266266	0.92567809	0.030839035240356444	0.0135746	0.00069
0.174	0.1352	0.2343	-0.008583529261308114	0.00467224640758882	0.003911282853719292	0.89993149	36.68586349	0.9223867	0.014792182246175196	0.0136782	0.0006
0.1731	0.1286	0.2409	-0.008639379797371931	0.004696681017116741	0.003886848244191372	0.90526819	36.90341568	0.92627087	0.019335987755982886	0.0136868	0.00063
0.1769	0.158	0.2518	-0.008745844881743585	0.004663519761328848	0.003946189438759179	0.92172611	37.57432556	0.93434297	0.054048376736367726	0.0138103	0.00061
0.1743	0.1176	0.2295	-0.00849800812796039	0.00463559449329694	0.0038851029149393774	0.96332496	39.27011108	0.94866744	0.08214242728174528	0.0130063	0.00072
0.1779	0.1758	0.2502	-0.008869763258635182	0.004806636759992383	0.003926990816987242	0.97696733	39.82624435	0.96052958	0.11173426497090495	0.0145605	0.00089
0.1752	0.1248	0.2342	-0.008669050394655835	0.004722860955896656	0.003935717463247213	0.95723635	39.02190781	0.95197901	0.08436076571675227	0.0140963	0.00081
0.1796	0.178	0.2552	-0.009105382707654418	0.004872959271568168	0.004077089132658754	0.94216126	38.40736771	0.94437921	0.11499011490408176	0.0156196	0.00109
0.1796	0.1189	0.236	-0.008759807515759539	0.004885176576332128	0.0040229839258469294	0.93775022	38.22755051	0.94822722	0.09889488517353312	0.014177	0.00091
0.1794	0.1763	0.2544	-0.009185667853246156	0.0048520153205442364	0.004092797095926702	0.96408212	39.3009758	0.9598024	0.10244173816771404	0.0152494	0.00096
0.1768	0.1086	0.2306	-0.008674286382411817	0.004726351614400644	0.004009021291830974	1.01226139	41.26501083	0.97767607	0.13014104905368293	0.0137787	0.00076
0.1781	0.1637	0.2396	-0.00893783109946296	0.0047856928089684515	0.004075343803406759	1.00293446	40.88479996	0.96946023	0.0848604211597368	0.0147454	0.00098
0.1741	0.1095	0.2239	-0.008571311956544151	0.004756022211684548	0.003998549316319009	1.00384748	40.92201996	0.97080337	0.0975492113645232	0.0143	0.00086
0.1405	0.1453	0.3841	-0.009363691436949578	0.004511676116405342	0.0030002209841782524	1.43795264	58.61839294	1.2625409	0.33135269539126944	0.0182353	0.00558
0.0873	0.1674	0.4818	-0.010063568466999304	0.0040229839258469294	0.001785471824790199	2.68789077	109.57234192	2.62632316	0.2931659189998096	0.0319985	0.20662
